1
8
40 30 32 35 80 90 100 120


50
100 10 3 1 8 7 22 20 12 18 13 14 16 21 36 30 27 26 34 64 51 48 42 41 46 44 49 58 92 67 65 71 70 83 74 72 80 77 79 90 87 93 99 98 96 1079 695 884 823 995

Its Correct output is:
1 7 8 3 16 14 13 18 12 21 20 26 27 34 30 41 44 46 42 49 48 58 51 65 70 72 79 77 80 74 87 90 83 71 67 96 98 99 93 92 64 36 22 10 823 995 884 695 1079 100
1 7 8 3 16 14 13 18 12 21 20 26 27 34 30 41 44 46 42 49 48 58 51 65 70 72 79 77 80 74 87 90 83 71 67 96 98 99 93 92 64 36 22 10 823 995 884 695 1079 100 



And Your Code's output is:
1 7 8 3 16 14 13 18 12 21 20 26 27 22 10 30 29 41 44 46 42 49 48 58 51 36 34 65 70 72...





50
100 10 3 1 8 7 22 20 12 18 13 14 16 21 36 30 27 26 34 64 51 48 42 41 46 44 49 58 92 67 65 71 70 83 74 72 80 77 79 90 87 93 99 98 96 1079 695 884 823 995

Its Correct output is:
1 7 8 3 16 14 13 18 12 21 20 26 27 34 30 41 44 46 42 49 48 58 51 65 70 72 79 77 80 74 87 90 83 71 67 96 98 99 93 92 64 36 22 10 823 995 884 695 1079 100
1 7 8 3 16 14 13 18 12 21 20 26 27 34 30 41 44 46 42 49 48 58 51 65 70 72 79 77 80 74 87 90 83 71 67 96 98 99 93 92 64 36 22 10 823 995 884 695 1079 100 



And Your Code's output is:
1 7 8 3 16 14 13 18 12 21 20 26 27 22 10 30 29 41 44 46 42 49 48 58 51 36 34 65 70 72...
1 7 8 3 16 14 13 18 12 21 20 26 27 34 30 41 44 46 42 49 48 58 51 65 70 72 79 77 80 74 87 90 83 71 67 96 98 99 93 92 64 36 22 10 823 995 884 695 1079 100


1
2 
345 675 
